7434581
1117332
4702589
3144349
8872878
1099147
4697418
8383027
3989730
9418166
4886923
4721804
1137989
8077550
3400840
7428508
3387339
8405875
5542541
2460482
3223099
4901751
4797577
2850717
4569638
6341944
9826615
7899907
5229594
6445141
8816894
2673269
2592092
9370218
3787992
7868259
7461453
6173624
8537437
7533585
2845823
1577072
7223352
4362031
9069578
3262232
8921069
7792846
1586442
7391335
8180683
4677621
7522588
7934526
1629186
5783038
5108677
3412070
6435940
9090751
3748378
2774174
5168136
9785912
5818559
8414627
3138977
6862132
2430344
5462542
8887190
2600491
3847324
6820959
1596341
2705028
5634224
9965048
2438840
9748103
9608782
2556092
7378078
7205315
6666079
9706084
9345334
3998161
9549169
3171752
3103896
1396702
9155857
2690997
3585226
7819103
8309913
3166686
9664467
5064413
